7.937777798746251112e-02 1.190463199024200253e-01 3.264084171388448308e-02
-6.472524044473654259e-02 -1.624249681099418641e-01 -1.639949998516458674e-02
-1.882295808323106723e-01 -1.496528096284809317e-01 -1.224797603957221426e-01
1.778535571134374216e-01 -2.703031065962127610e-01 7.866088651371631879e-02
2.103997167001440127e-01 8.927401930031597654e-02 2.249636766409118110e-02
1.352461684325948973e-02 -1.665511991198415920e-01 -6.187639752331679927e-02
1.773458321040118357e-01 1.177998021433700471e-01 8.400180333452450521e-02
1.000337941893656019e-01 -1.709705699342147223e-01 8.684110117460075440e-02
1.936336545403357368e-01 -2.074108769320344159e-01 6.314509330494287587e-02
3.833368028003574651e-02 -1.472471359842657535e-01 9.967974956255273855e-04
1.162099136569351605e-02 -1.222398824514360216e-01 4.372353900673993377e-02
-9.264967589680295212e-02 -1.219171141565442568e-01 -4.938231167703874963e-02
2.406662169254250236e-02 -1.822990749431356861e-01 -2.033823456340887181e-02
8.326424145679620081e-02 1.647168444191816905e-01 5.668006252529673300e-02
-4.944271447721267088e-02 -1.035110656826006698e-01 3.465503965391442814e-02
