-7.114727582483246238e+01 -1.025563888024431378e+02 4.467181749752867290e+02
-4.712218456925094756e+01 -4.353105437281914902e+01 3.336418899397459654e+02
-1.558344764389467798e+02 -4.398427675163954831e+01 4.175005857311236923e+02
-8.185888249707807063e+01 -5.029143529321390105e+01 2.679858116578873251e+02
4.777034584124526972e+00 -9.041307095265172222e+01 4.308937984706731186e+02
-7.607822441280688963e+01 -9.442243746052486131e+01 4.397248754465366574e+02
1.814233787515092899e+01 -1.496687639234892799e+02 4.526015579450991027e+02
-4.563401261572195011e+01 -9.997532171301025983e+01 3.170103696543683327e+02
-4.266746900847662261e+01 -6.654385700159140526e+01 2.896723009334452286e+02
-2.882915202011414735e+01 -1.148666194640825893e+02 3.751991070786478986e+02
-1.011344298556580128e+02 -1.427480757354423417e+02 4.003475426784313527e+02
-1.674470273845894397e+01 -9.959629219207652540e+00 4.076786925188221744e+02
-1.707653836798595250e+02 -8.105698608754818224e+01 3.576239386398697775e+02
-3.751273619142408311e+00 -1.355450253225419885e+02 4.987272752438756811e+02
1.598223839778142086e+01 -7.341639919250430069e+01 6.965232329724785814e+02
