-9.699644201143919897e-02 -1.224278026063993358e-01 3.669338220265604827e-02
3.498097318494768349e-01 -2.573901481035995031e-01 4.989915677926219650e-02
8.914860095722398903e-03 -3.562077873860626243e-01 -3.263414424855639456e-03
3.914308578139098493e-01 -1.604145332839111426e-01 1.765229941338881600e-02
-7.670926004860248448e-02 -3.022559284750647723e-01 7.090617365482404511e-02
-2.461275821099301875e-01 -1.308114957041128512e-01 4.585008495501926608e-03
1.476329150829760739e-01 -6.561474368198044749e-01 9.596385134611160050e-02
-2.811316110564037740e-01 -1.531492621424267453e-01 4.976310943860367750e-03
-2.927043441474947993e-01 -4.379211461468721645e-01 -5.717047283665314950e-02
-1.677363742169312166e-01 -3.070429090489390500e-01 -9.532501542196938687e-04
-1.272044672529716591e-01 -3.162720117270789721e-01 1.796072765477276997e-02
-1.249396794438373121e-01 -2.094605402080452483e-01 1.244328893147534920e-01
-1.603599668485495566e-01 -2.275131973986905809e-01 5.488456994208548018e-02
-2.988223051585429113e-01 -1.684216736017292992e-01 -2.941110419610351925e-02
1.963706615203378025e-01 -2.760959359686456227e-01 9.102215709577096692e-02
-2.473566167690011974e-01 -1.632578130585549125e-01 -2.358282682581607295e-02
-2.584199859745078820e-01 -1.413444547100572990e-01 -3.472793597697970691e-02
-2.660597023302046504e-01 4.646232972692923568e-02 1.343486188546246241e-01
-2.380249104592540854e-01 -3.938926069863679102e-01 -3.104663830682922662e-02
-1.722588441422603645e-01 -1.709761488378213137e-02 5.961636977247503771e-02
