-4.317635037890553207e+01 -4.752306574470137690e+01 1.060963971662894892e+03
8.212514105094617101e-01 -9.504003034372797698e-01 9.575766384762586085e+02
1.185407639381599978e+02 -6.941310589448079327e+01 1.118233535740160050e+03
-1.172938859316961526e+02 -8.897828291621728170e+01 1.022239362708838826e+03
5.265289697827076054e+01 -9.263344056955176598e+01 1.001233425500843282e+03
9.673643970072335208e+01 -5.794359496178898894e+01 1.156075588669226818e+03
-1.788816509535699950e+01 -4.839212349428610338e+01 9.438235615650213504e+02
-5.789739057822755441e+00 -4.459221481059572056e+01 1.116974343739145297e+03
7.817444332633648685e+01 7.288086574367341974e+00 1.051257554041265848e+03
2.436778979960683600e+01 -2.672688365226183294e+01 1.012822977136821805e+03
5.709745162410085584e+01 -5.929814900791884469e+01 1.005896042843544137e+03
2.317001594178143193e+02 -1.489454667284408060e+02 1.307481840959902229e+03
-1.388073064908399203e+02 -9.962079152676817273e+01 1.123349208272049282e+03
-7.648709992288739556e+01 -8.320859250786792671e+00 1.159719474174369907e+03
4.645804878468270971e+01 -8.909778702146635965e+01 9.593963437021598111e+02
-1.705659930757677785e+02 -9.154133166736439620e+00 1.189022473905786455e+03
-8.749540500656628694e+01 -9.507644049689329080e+00 1.093436652539749730e+03
9.973241096664159500e+01 -4.837447192587506350e+01 1.084966937834022474e+03
8.375643790520490484e+01 2.118056064945066908e+01 1.111514777940144768e+03
-8.971474858999718549e+01 -6.662905880469078568e+01 8.289278114856066395e+02
